开始爬 三间房东路 区全部的信息
total number of pages is 1
0
1
2
3
4
5
6
7
8
9
10
11
12
三间房东路  0th page have been done
爬下了 三间房东路 区全部的信息
开始爬 三间房南里4号院 区全部的信息
total number of pages is 2
0
1
2
3
4
5
6
7
8
9
10
11
12
13
14
15
16
17
18
19
20
21
22
23
24
25
26
27
28
29
三间房南里4号院  0th page have been done
0
1
2
3
4
5
6
7
8
9
10
11
三间房南里4号院  1th page have been done
爬下了 三间房南里4号院 区全部的信息
开始爬 三间房南里5号院 区全部的信息
total number of pages is 1
0
1
2
三间房南里5号院  0th page have been done
爬下了 三间房南里5号院 区全部的信息
开始爬 三间房南里7号院 区全部的信息
total number of pages is 1
0
1
2
3
4
5
6
7
8
9
10
11
12
13
14
15
三间房南里7号院  0th page have been done
爬下了 三间房南里7号院 区全部的信息
开始爬 上东三角洲 区全部的信息
total number of pages is 8
0
1
2
3
4
5
6
7
8
9
10
11
12
13
14
15
16
17
18
19
20
21
22
23
24
25
26
27
28
29
上东三角洲  0th page have been done
0
1
2
3
4
5
6
7
8
9
10
11
12
13
14
15
16
17
18
19
20
21
22
23
24
25
26
27
28
29
上东三角洲  1th page have been done
0
1
2
3
4
5
6
7
8
9
10
11
12
13
14
15
16
17
18
19
20
21
22
23
24
25
26
27
28
29
上东三角洲  2th page have been done
0
1
2
3
4
5
6
7
8
9
10
11
12
13
14
15
16
17
18
19
20
21
22
23
24
25
26
27
28
29
上东三角洲  3th page have been done
0
1
2
3
4
5
6
7
8
9
10
11
12
13
14
15
16
17
18
19
20
21
22
23
24
25
26
27
28
29
上东三角洲  4th page have been done
0
1
2
3
4
5
6
7
8
9
10
11
12
13
14
15
16
17
18
19
20
21
22
23
24
25
26
27
28
29
上东三角洲  5th page have been done
0
1
2
3
4
5
6
7
8
9
10
11
12
13
14
15
16
17
18
19
20
21
22
23
24
25
26
27
28
29
上东三角洲  6th page have been done
0
1
2
3
4
上东三角洲  7th page have been done
爬下了 上东三角洲 区全部的信息
开始爬 上东上层 区全部的信息
total number of pages is 12
0
1
2
3
4
5
6
7
8
9
10
11
12
13
14
15
16
17
18
19
20
21
22
23
24
25
26
27
28
29
上东上层  0th page have been done
0
1
2
3
4
5
6
7
8
9
10
11
12
13
14
15
16
17
18
19
20
21
22
23
24
25
26
27
28
29
上东上层  1th page have been done
0
1
2
3
4
5
6
7
8
9
10
11
12
13
14
15
16
17
18
19
20
21
22
23
24
25
26
27
28
29
上东上层  2th page have been done
0
1
2
3
4
5
6
7
8
9
10
11
12
13
14
15
16
17
18
19
20
21
22
23
24
25
26
27
28
29
上东上层  3th page have been done
0
1
2
3
4
5
6
7
8
9
10
11
12
13
14
15
16
17
18
19
20
21
22
23
24
25
26
27
28
29
上东上层  4th page have been done
0
1
2
3
4
5
6
7
8
9
10
11
12
13
14
15
16
17
18
19
20
21
22
23
24
25
26
27
28
29
上东上层  5th page have been done
0
1
2
3
4
5
6
7
8
9
10
11
12
13
14
15
16
17
18
19
20
21
22
23
24
25
26
27
28
29
上东上层  6th page have been done
0
1
2
3
4
5
6
7
8
9
10
11
12
13
14
15
16
17
18
19
20
21
22
23
24
25
26
27
28
29
上东上层  7th page have been done
0
1
2
3
4
5
6
7
8
9
10
11
12
13
14
15
16
17
18
19
20
21
22
23
24
25
26
27
28
29
上东上层  8th page have been done
0
1
2
3
4
5
6
7
8
9
10
11
12
13
14
15
16
17
18
19
20
21
22
23
24
25
26
27
28
29
上东上层  9th page have been done
0
1
2
3
4
5
6
7
8
9
10
11
12
13
14
15
16
17
18
19
20
21
22
23
24
25
26
27
28
29
上东上层  10th page have been done
0
1
上东上层  11th page have been done
爬下了 上东上层 区全部的信息
开始爬 上地南路6号院 区全部的信息
total number of pages is 2
0
1
2
3
4
5
6
7
8
9
10
11
12
13
14
15
16
17
18
19
20
21
22
23
24
25
26
27
28
29
上地南路6号院  0th page have been done
0
1
2
3
4
5
6
7
8
9
10
11
12
13
14
15
16
17
18
19
20
21
22
23
上地南路6号院  1th page have been done
爬下了 上地南路6号院 区全部的信息
开始爬 上地南路8号院 区全部的信息
total number of pages is 1
0
1
2
3
上地南路8号院  0th page have been done
爬下了 上地南路8号院 区全部的信息
no chengjiao record
开始爬 上地西里 区全部的信息
total number of pages is 5
0
1
2
3
4
5
6
7
8
9
10
11
12
13
14
15
16
17
18
19
20
21
22
23
24
25
26
27
28
29
上地西里  0th page have been done
0
1
2
3
4
5
6
7
8
9
10
11
12
13
14
15
16
17
18
19
20
21
22
23
24
25
26
27
28
29
上地西里  1th page have been done
0
1
2
3
4
5
6
7
8
9
10
11
12
13
14
15
16
17
18
19
20
21
22
23
24
25
26
27
28
29
上地西里  2th page have been done
0
1
2
3
4
5
6
7
8
9
10
11
12
13
14
15
16
17
18
19
20
21
22
23
24
25
26
27
28
29
上地西里  3th page have been done
0
1
2
3
4
5
6
7
8
9
10
11
12
13
14
15
16
17
18
19
20
21
22
23
24
25
26
27
28
29
上地西里  4th page have been done
爬下了 上地西里 区全部的信息
开始爬 上坡佳园 区全部的信息
total number of pages is 1
0
上坡佳园  0th page have been done
爬下了 上坡佳园 区全部的信息
开始爬 上奥世纪中心 区全部的信息
total number of pages is 7
0
1
2
3
4
5
6
7
8
9
10
11
12
13
14
15
16
17
18
19
20
21
22
23
24
25
26
27
28
29
上奥世纪中心  0th page have been done
0
1
2
3
4
5
6
7
8
9
10
11
12
13
14
15
16
17
18
19
20
21
22
23
24
25
26
27
28
29
上奥世纪中心  1th page have been done
0
1
2
3
4
5
6
7
8
9
10
11
12
13
14
15
16
17
18
19
20
21
22
23
24
25
26
27
28
29
上奥世纪中心  2th page have been done
0
1
2
3
4
5
6
7
8
9
10
11
12
13
14
15
16
17
18
19
20
21
22
23
24
25
26
27
28
29
上奥世纪中心  3th page have been done
0
1
2
3
4
5
6
7
8
9
10
11
12
13
14
15
16
17
18
19
20
21
22
23
24
25
26
27
28
29
上奥世纪中心  4th page have been done
0
1
2
3
4
5
6
7
8
9
10
11
12
13
14
15
16
17
18
19
20
21
22
23
24
25
26
27
28
29
上奥世纪中心  5th page have been done
0
1
2
3
4
5
6
7
8
9
10
11
12
13
上奥世纪中心  6th page have been done
爬下了 上奥世纪中心 区全部的信息
开始爬 上庄家园东区 区全部的信息
total number of pages is 1
0
1
2
上庄家园东区  0th page have been done
爬下了 上庄家园东区 区全部的信息
开始爬 上庄家园西区 区全部的信息
total number of pages is 1
0
1
2
3
4
5
6
7
8
上庄家园西区  0th page have been done
爬下了 上庄家园西区 区全部的信息
开始爬 上林世家 区全部的信息
total number of pages is 2
0
1
2
3
4
5
6
7
8
9
10
11
12
13
14
15
16
17
18
19
20
21
22
23
24
25
26
27
28
29
上林世家  0th page have been done
0
1
2
3
上林世家  1th page have been done
爬下了 上林世家 区全部的信息
开始爬 上林苑 区全部的信息
total number of pages is 7
0
1
2
3
4
5
6
7
8
9
10
11
12
13
14
15
16
17
18
19
20
21
22
23
24
25
26
27
28
29
上林苑  0th page have been done
0
1
2
3
4
5
6
7
8
9
10
11
12
13
14
15
16
17
18
19
20
21
22
23
24
25
26
27
28
29
上林苑  1th page have been done
0
1
2
3
4
5
6
7
8
9
10
11
12
13
14
15
16
17
18
19
20
21
22
23
24
25
26
27
28
29
上林苑  2th page have been done
0
1
2
3
4
5
6
7
8
9
10
11
12
13
14
15
16
17
18
19
20
21
22
23
24
25
26
27
28
29
上林苑  3th page have been done
0
1
2
3
4
5
6
7
8
9
10
11
12
13
14
15
16
17
18
19
20
21
22
23
24
25
26
27
28
29
上林苑  4th page have been done
0
1
2
3
4
5
6
7
8
9
10
11
12
13
14
15
16
17
18
19
20
21
22
23
24
25
26
27
28
29
上林苑  5th page have been done
0
1
2
3
4
5
上林苑  6th page have been done
爬下了 上林苑 区全部的信息
HTTP Error 404: Not Found
HTTP Error 404: Not Found
0
1
2
3
4
5
6
7
8
9
10
11
12
13
14
15
16
17
18
19
20
21
22
23
24
25
26
27
28
29
0
1
2
3
4
5
6
7
8
9
10
11
12
13
14
15
16
17
18
19
20
21
22
23
24
25
26
27
28
29
0
1
2
3
4
5
6
7
8
9
10
11
12
13
14
15
16
17
18
19
20
21
22
23
24
25
26
27
28
29
0
1
2
3
4
5
6
7
8
9
10
11
12
13
14
15
16
17
18
19
20
21
22
23
24
25
26
27
28
29
0
1
2
3
4
5
6
7
8
9
10
11
12
13
14
15
16
17
18
19
20
21
22
23
24
25
26
27
28
29
0
1
2
3
4
5
6
7
0
1
2
3
4
5
6
7
8
9
10
11
12
13
14
15
16
17
18
19
20
21
22
23
24
25
26
27
28
29
0
1
2
3
4
5
6
7
8
9
10
11
12
13
14
15
16
17
18
19
20
21
22
23
24
25
26
27
28
29
0
1
2
3
4
5
6
7
8
9
10
11
12
13
14
15
16
17
18
19
20
21
22
23
24
25
26
27
28
29
0
1
2
3
4
5
6
7
8
9
10
11
12
13
14
15
16
17
18
19
20
21
22
23
24
25
26
27
28
29
0
1
2
3
4
5
6
7
8
9
10
11
12
13
14
15
16
17
18
19
20
21
22
23
24
25
26
27
28
29
Exception handle done
